0,542
0,541
34,34
34,33
34,32
34,31
34,30
34,29
34,28
34,27
34,26
34,25
34,24
34,23
34,22
34,21
34,20
34,19
34,18
34,17
34,16
34,15
34,14
34,13
34,12
34,11
36,7
36,6
36,2
36,0
34,10
34,9
34,8
34,2
34,0
32,4
31,4
31,1
31,3
32,5
32,3
26,5
36,4
38,35
10,75
10,207
10,195
10,269
10,201
10,213
10,259
10,239
11,23
11,29
11,27
11,15
11,19
11,5
9,5
8,18
8,4
8,11
8,7
36,20
36,19
36,18
36,17
36,16
36,15
36,14
36,13
36,12
36,11
36,10
36,9
36,8
36,5
36,3
36,1
35,16
35,15
35,14
35,13
35,12
35,11
35,10
35,9
35,8
35,7
35,6
35,5
35,4
35,3
35,1
34,7
34,6
34,5
34,4
34,3
34,1
32,10
32,9
32,1
30,3
30,1
29,5
29,3
29,1
28,3
28,1
26,4
26,3
26,1
25,4
25,3
25,1
20,3
20,2
20,1
19,3
19,2
19,1
18,3
18,1
14,5
14,4
14,3
14,1
13,3
13,1
